c Pb de flot max
c pb lines (nodes,links)
p 902 2670
c source
n 1 s
c sink
n 902 t
c arc(from,to,capa,flot)
a 1 2 3000000 0
a 1 3 3000000 0
a 1 4 3000000 846128
a 1 5 3000000 1047126
a 1 6 3000000 439702
a 1 7 3000000 799086
a 1 8 3000000 934539
a 1 9 3000000 1660950
a 1 10 3000000 1102858
a 1 11 3000000 889529
a 1 12 3000000 1153127
a 1 13 3000000 364842
a 1 14 3000000 1044475
a 1 15 3000000 1295488
a 1 16 3000000 688169
a 1 17 3000000 433993
a 1 18 3000000 1044096
a 1 19 3000000 985372
a 1 20 3000000 1114801
a 1 21 3000000 1226409
a 1 22 3000000 1203864
a 1 23 3000000 168830
a 1 24 3000000 543907
a 1 25 3000000 894543
a 1 26 3000000 1224951
a 1 27 3000000 1215168
a 1 28 3000000 867291
a 1 29 3000000 919557
a 1 30 3000000 1741362
a 1 31 3000000 2408644
a 2 61 79388 0
a 2 32 81247 0
a 2 33 948726 0
a 3 32 71011 0
a 3 33 143780 0
a 3 34 975148 0
a 4 33 850451 813174
a 4 34 460048 0
a 4 35 441834 32954
a 5 34 663217 230167
a 5 35 274382 274382
a 5 36 638042 542577
a 6 35 146796 146796
a 6 36 103301 103301
a 6 37 474914 189605
a 7 36 688836 688836
a 7 37 110250 110250
a 7 38 169985 0
a 8 37 934539 934539
a 8 38 352413 0
a 8 39 997375 0
a 9 38 989106 942434
a 9 39 651303 340419
a 9 40 629253 378097
a 10 39 428820 428820
a 10 40 654642 654642
a 10 41 948856 19396
a 11 40 208830 208830
a 11 41 437571 437571
a 11 42 243128 243128
a 12 41 795443 795443
a 12 42 33310 33310
a 12 43 324374 324374
a 13 42 260521 260521
a 13 43 104321 104321
a 13 44 984506 0
a 14 43 235668 235668
a 14 44 954771 610963
a 14 45 444553 197844
a 15 44 677501 677501
a 15 45 617987 617987
a 15 46 718934 0
a 16 45 315542 315542
a 16 46 764782 372627
a 16 47 338586 0
a 17 46 306807 306807
a 17 47 969970 127186
a 17 48 448836 0
a 18 47 993143 993143
a 18 48 420860 0
a 18 49 317600 50953
a 19 48 990517 352790
a 19 49 409965 409965
a 19 50 485255 222617
a 20 49 619769 619769
a 20 50 355136 355136
a 20 51 139896 139896
a 21 50 84977 84977
a 21 51 563966 563966
a 21 52 577466 577466
a 22 51 328104 328104
a 22 52 875760 875760
a 22 53 610776 0
a 23 52 168830 168830
a 23 53 136280 0
a 23 54 231448 0
a 24 53 669687 528841
a 24 54 371947 15066
a 24 55 186218 0
a 25 54 630591 630591
a 25 55 565800 263952
a 25 56 804205 0
a 26 55 865877 865877
a 26 56 397693 359074
a 26 57 85338 0
a 27 56 204462 204462
a 27 57 704500 678278
a 27 58 571659 332428
a 28 57 169649 169649
a 28 58 697642 697642
a 28 59 992518 0
a 29 58 487249 487249
a 29 59 204511 29825
a 29 60 402483 402483
a 30 59 972503 972503
a 30 60 340631 340631
a 30 61 757618 428228
a 31 60 628750 628750
a 31 61 941959 941959
a 31 32 837935 837935
a 32 91 722568 0
a 32 62 786415 124240
a 32 63 713695 713695
a 33 62 849695 388995
a 33 63 471596 424179
a 33 64 366326 0
a 34 63 81142 81142
a 34 64 141282 91393
a 34 65 254625 57632
a 35 64 267359 136642
a 35 65 771872 0
a 35 66 820424 317490
a 36 65 587915 587915
a 36 66 637748 637748
a 36 67 734468 109051
a 37 66 189605 189605
a 37 67 842210 89470
a 37 68 955319 955319
a 38 67 761263 761263
a 38 68 11858 11858
a 38 69 169313 169313
a 39 68 753781 753781
a 39 69 15458 15458
a 39 70 373823 0
a 40 69 672615 672615
a 40 70 504312 338149
a 40 71 230805 230805
a 41 70 946584 946584
a 41 71 133062 133062
a 41 72 172764 172764
a 42 71 784519 0
a 42 72 371981 338111
a 42 73 475530 198848
a 43 72 14565 14565
a 43 73 221675 120525
a 43 74 947125 529273
a 44 73 380890 380890
a 44 74 819168 819168
a 44 75 88406 88406
a 45 74 151866 151866
a 45 75 602878 602878
a 45 76 376629 376629
a 46 75 488641 488641
a 46 76 190793 190793
a 46 77 14377 0
a 47 76 223109 223109
a 47 77 896749 524282
a 47 78 372938 372938
a 48 77 178427 178427
a 48 78 174363 174363
a 48 79 901147 0
a 49 78 347739 347739
a 49 79 444495 299991
a 49 80 432957 432957
a 50 79 237913 237913
a 50 80 117109 117109
a 50 81 937268 307708
a 51 80 985070 381592
a 51 81 63693 63693
a 51 82 586681 586681
a 52 81 674185 605059
a 52 82 364563 364563
a 52 83 958661 652434
a 53 82 149714 149714
a 53 83 379127 379127
a 53 84 696687 0
a 54 83 96838 96838
a 54 84 276368 51839
a 54 85 515854 496980
a 55 84 701595 701595
a 55 85 428234 428234
a 55 86 118732 0
a 56 85 78223 78223
a 56 86 916874 485313
a 56 87 825876 0
a 57 86 608951 608951
a 57 87 656334 0
a 57 88 238976 238976
a 58 87 981888 752868
a 58 88 351113 351113
a 58 89 413338 413338
a 59 88 399387 399387
a 59 89 215203 215203
a 59 90 857833 387738
a 60 89 832343 544749
a 60 90 453116 407332
a 60 91 974941 419783
a 61 90 285962 285962
a 61 91 954537 529240
a 61 62 554985 554985
a 62 121 388995 388995
a 62 92 628721 0
a 62 93 919547 679225
a 63 92 864007 505321
a 63 93 294786 135380
a 63 94 815025 578315
a 64 93 560694 136642
a 64 94 391623 0
a 64 95 91393 91393
a 65 94 76547 0
a 65 95 609569 609569
a 65 96 35978 35978
a 66 95 711630 3920
a 66 96 687791 671720
a 66 97 469203 469203
a 67 96 537505 537505
a 67 97 296742 296742
a 67 98 125537 125537
a 68 97 776480 534079
a 68 98 794981 193878
a 68 99 993001 993001
a 69 98 706170 454816
a 69 99 194367 194367
a 69 100 208203 208203
a 70 99 564002 564002
a 70 100 543061 543061
a 70 101 177670 177670
a 71 100 55294 0
a 71 101 345375 231661
a 71 102 132206 132206
a 72 101 126631 0
a 72 102 734369 341184
a 72 103 760926 184256
a 73 102 46177 46177
a 73 103 598375 598375
a 73 104 55711 55711
a 74 103 377554 377554
a 74 104 159068 159068
a 74 105 963685 963685
a 75 104 985298 0
a 75 105 751967 606672
a 75 106 573253 573253
a 76 105 21275 0
a 76 106 979948 65809
a 76 107 777396 724722
a 77 106 6829 6829
a 77 107 517453 517453
a 77 108 590489 178427
a 78 107 132365 118534
a 78 108 810284 776506
a 78 109 385469 0
a 79 108 125365 125365
a 79 109 516453 316351
a 79 110 96188 96188
a 80 109 849920 695604
a 80 110 80454 80454
a 80 111 155600 155600
a 81 110 27589 27589
a 81 111 652100 447897
a 81 112 500974 500974
a 82 111 159795 0
a 82 112 778730 349264
a 82 113 751694 751694
a 83 112 437072 437072
a 83 113 341258 341258
a 83 114 350069 350069
a 84 113 9135 9135
a 84 114 718811 718811
a 84 115 25488 25488
a 85 114 489171 489171
a 85 115 220460 220460
a 85 116 293806 293806
a 86 115 578776 578776
a 86 116 241734 241734
a 86 117 273754 273754
a 87 116 356171 356171
a 87 117 248563 248563
a 87 118 791206 148134
a 88 117 946659 696772
a 88 118 897279 174863
a 88 119 117841 117841
a 89 118 848479 0
a 89 119 538996 538996
a 89 120 634294 634294
a 90 119 461018 461018
a 90 120 388915 388915
a 90 121 231099 231099
a 91 120 132970 132970
a 91 121 416503 416503
a 91 92 399550 399550
a 92 151 633943 633943
a 92 122 92649 92649
a 92 123 178279 178279
a 93 122 385637 385637
a 93 123 529721 529721
a 93 124 35889 35889
a 94 123 252057 252057
a 94 124 55207 55207
a 94 125 271051 271051
a 95 124 277544 0
a 95 125 544377 213371
a 95 126 491511 491511
a 96 125 571350 571350
a 96 126 123152 123152
a 96 127 733244 550701
a 97 126 361455 361455
a 97 127 995674 450470
a 97 128 498158 488099
a 98 127 152660 152660
a 98 128 458684 264075
a 98 129 911789 357496
a 99 128 786852 477071
a 99 129 307163 307163
a 99 130 967136 967136
a 100 129 421145 110682
a 100 130 284532 284532
a 100 131 356050 356050
a 101 130 168596 0
a 101 131 417501 120427
a 101 132 288904 288904
a 102 131 568145 0
a 102 132 567796 0
a 102 133 897905 519567
a 103 132 262776 262776
a 103 133 469784 469784
a 103 134 427625 427625
a 104 133 298664 0
a 104 134 721840 0
a 104 135 999183 214779
a 105 134 569714 511063
a 105 135 515735 515735
a 105 136 543559 543559
a 106 135 577576 0
a 106 136 603436 546553
a 106 137 666711 99338
a 107 136 310820 310820
a 107 137 964890 430364
a 107 138 662384 619525
a 108 137 325329 325329
a 108 138 633901 633901
a 108 139 121068 121068
a 109 138 237117 237117
a 109 139 420753 420753
a 109 140 944582 354085
a 110 139 204252 0
a 110 140 358249 0
a 110 141 229113 204231
a 111 140 76653 76653
a 111 141 526844 526844
a 111 142 162966 0
a 112 141 881909 628278
a 112 142 611341 412892
a 112 143 730761 246140
a 113 142 779813 601980
a 113 143 390468 299563
a 113 144 200544 200544
a 114 143 723789 430185
a 114 144 205483 205483
a 114 145 922383 922383
a 115 144 722971 71628
a 115 145 291548 291548
a 115 146 954469 461548
a 116 145 782881 293806
a 116 146 869124 40000
a 116 147 557905 557905
a 117 146 965943 0
a 117 147 696295 696295
a 117 148 522794 522794
a 118 147 144679 144679
a 118 148 21623 21623
a 118 149 156695 156695
a 119 148 782098 562938
a 119 149 775092 480607
a 119 150 93799 74310
a 120 149 726679 632280
a 120 150 495695 495695
a 120 151 452047 28204
a 121 150 472143 472143
a 121 151 88700 88700
a 121 122 495243 475754
a 122 181 151460 151460
a 122 152 970608 434875
a 122 153 622935 367705
a 123 152 882220 693285
a 123 153 266772 266772
a 123 154 13402 0
a 124 153 82763 0
a 124 154 506912 0
a 124 155 735236 91096
a 125 154 521497 282755
a 125 155 746234 746234
a 125 156 26783 26783
a 126 155 475966 412118
a 126 156 529114 529114
a 126 157 895906 34886
a 127 156 550222 550222
a 127 157 495057 495057
a 127 158 108552 108552
a 128 157 589367 589367
a 128 158 639735 509703
a 128 159 130175 130175
a 129 158 262413 220797
a 129 159 938184 218476
a 129 160 421618 336068
a 130 159 356211 356211
a 130 160 181214 181214
a 130 161 917312 714243
a 131 160 808258 0
a 131 161 653356 470466
a 131 162 6011 6011
a 132 161 819852 0
a 132 162 321168 83730
a 132 163 492970 467950
a 133 162 442786 61673
a 133 163 203387 167937
a 133 164 759741 759741
a 134 163 972539 0
a 134 164 802502 672036
a 134 165 266652 266652
a 135 164 707774 0
a 135 165 840350 717629
a 135 166 12885 12885
a 136 165 734556 509914
a 136 166 832667 832667
a 136 167 58351 58351
a 137 166 146814 146814
a 137 167 382888 382888
a 137 168 553407 325329
a 138 167 255365 255365
a 138 168 972255 525685
a 138 169 709493 709493
a 139 168 901891 0
a 139 169 234667 0
a 139 170 647676 541821
a 140 169 323508 323508
a 140 170 107230 107230
a 140 171 828889 0
a 141 170 757172 651595
a 141 171 431839 424592
a 141 172 998596 283166
a 142 171 763182 763182
a 142 172 251690 251690
a 142 173 836115 0
a 143 172 256152 256152
a 143 173 694475 680234
a 143 174 39502 39502
a 144 173 532244 230471
a 144 174 183365 183365
a 144 175 358355 63819
a 145 174 798896 670034
a 145 175 891138 638999
a 145 176 198704 198704
a 146 175 328132 328132
a 146 176 142045 142045
a 146 177 31371 31371
a 147 176 386482 0
a 147 177 805210 681208
a 147 178 930610 717671
a 148 177 456240 456240
a 148 178 576927 231899
a 148 179 419216 419216
a 149 178 682084 136882
a 149 179 478817 478817
a 149 180 653883 653883
a 150 179 846111 461343
a 150 180 318677 318677
a 150 181 277464 262128
a 151 180 674999 674999
a 151 181 75848 75848
a 151 152 709302 0
a 152 211 189947 189947
a 152 182 355381 355381
a 152 183 960991 582832
a 153 182 26061 26061
a 153 183 611532 436599
a 153 184 171817 171817
a 154 183 581914 221921
a 154 184 143776 0
a 154 185 355181 60834
a 155 184 940268 422376
a 155 185 459023 64402
a 155 186 762670 762670
a 156 185 655324 393259
a 156 186 303506 291794
a 156 187 421066 421066
a 157 186 686694 686694
a 157 187 206340 206340
a 157 188 226276 226276
a 158 187 133655 133655
a 158 188 662579 189221
a 158 189 803202 516176
a 159 188 552871 552871
a 159 189 861015 21816
a 159 190 798370 130175
a 160 189 723105 163714
a 160 190 707125 17500
a 160 191 633398 336068
a 161 190 568 568
a 161 191 898476 474896
a 161 192 709245 709245
a 162 191 226221 145403
a 162 192 604774 0
a 162 193 64626 6011
a 163 192 187211 26648
a 163 193 630834 609239
a 163 194 192509 0
a 164 193 875379 597109
a 164 194 729100 181214
a 164 195 852636 653454
a 165 194 746911 682094
a 165 195 185719 185719
a 165 196 828010 626382
a 166 195 509580 0
a 166 196 841042 344498
a 166 197 647868 647868
a 167 196 930645 0
a 167 197 44087 0
a 167 198 854207 696604
a 168 197 673272 673272
a 168 198 177742 177742
a 168 199 33137 0
a 169 198 476473 106245
a 169 199 730612 603248
a 169 200 894151 323508
a 170 199 791195 467722
a 170 200 970068 832924
a 170 201 601276 0
a 171 200 424592 424592
a 171 201 970635 747079
a 171 202 16103 16103
a 172 201 650189 594153
a 172 202 196855 196855
a 172 203 620876 0
a 173 202 231166 231166
a 173 203 900417 649612
a 173 204 768061 29927
a 174 203 940026 36823
a 174 204 775795 358918
a 174 205 497160 497160
a 175 204 309014 309014
a 175 205 39057 39057
a 175 206 682879 682879
a 176 205 137023 0
a 176 206 548636 0
a 176 207 523920 340749
a 177 206 784890 394746
a 177 207 995632 774073
a 177 208 84359 0
a 178 207 155448 155448
a 178 208 668904 668904
a 178 209 262100 262100
a 179 208 188585 188585
a 179 209 661728 661728
a 179 210 509063 509063
a 180 209 599087 381080
a 180 210 969274 969274
a 180 211 479130 297205
a 181 210 716714 179998
a 181 211 910218 0
a 181 182 966116 309438
a 182 241 732816 242928
a 182 212 560406 0
a 182 213 679322 447952
a 183 212 353691 353691
a 183 213 307923 307923
a 183 214 579738 579738
a 184 213 121752 121752
a 184 214 764300 0
a 184 215 871884 472441
a 185 214 618911 370281
a 185 215 73313 73313
a 185 216 910940 74901
a 186 215 818141 818141
a 186 216 210336 135295
a 186 217 975927 787722
a 187 216 858413 278496
a 187 217 511577 0
a 187 218 971558 482565
a 188 217 942771 687013
a 188 218 667025 124542
a 188 219 156813 156813
a 189 218 204870 204870
a 189 219 371961 161943
a 189 220 334893 334893
a 190 219 230284 18068
a 190 220 971047 40863
a 190 221 304166 89312
a 191 220 709413 424891
a 191 221 687761 531476
a 191 222 214383 0
a 192 221 191880 191880
a 192 222 420576 370616
a 192 223 291140 173397
a 193 222 871201 806326
a 193 223 290619 290619
a 193 224 115414 115414
a 194 223 450938 450938
a 194 224 412370 412370
a 194 225 879714 0
a 195 224 839173 839173
a 195 225 547632 0
a 195 226 953026 0
a 196 225 266464 233852
a 196 226 882125 737028
a 196 227 679713 0
a 197 226 242390 77632
a 197 227 740537 570236
a 197 228 707642 673272
a 198 227 730299 694801
a 198 228 683307 114439
a 198 229 891018 171351
a 199 228 403464 403464
a 199 229 404528 404528
a 199 230 262978 262978
a 200 229 738356 738356
a 200 230 634811 634811
a 200 231 750376 207857
a 201 230 42521 42521
a 201 231 860575 860575
a 201 232 438136 438136
a 202 231 256904 133317
a 202 232 52454 52454
a 202 233 375064 258353
a 203 232 64395 64395
a 203 233 440006 440006
a 203 234 182034 182034
a 204 233 179809 179809
a 204 234 407295 407295
a 204 235 110755 110755
a 205 234 59522 0
a 205 235 246467 0
a 205 236 658386 536217
a 206 235 528899 528899
a 206 236 512930 512930
a 206 237 56862 35796
a 207 236 208612 208612
a 207 237 271671 264260
a 207 238 797398 797398
a 208 237 916253 272731
a 208 238 1969 1969
a 208 239 997056 582789
a 209 238 807270 459997
a 209 239 921784 443328
a 209 240 401583 401583
a 210 239 586599 445451
a 210 240 660139 660139
a 210 241 552745 552745
a 211 240 336974 0
a 211 241 702660 73466
a 211 212 929671 413686
a 212 271 291462 291462
a 212 242 475915 475915
a 212 243 498476 0
a 213 242 666525 385730
a 213 243 540309 0
a 213 244 938481 491897
a 214 243 848558 367775
a 214 244 236469 236469
a 214 245 345775 345775
a 215 244 959312 959312
a 215 245 295990 295990
a 215 246 108593 108593
a 216 245 134049 134049
a 216 246 341241 341241
a 216 247 621522 13402
a 217 246 707263 707263
a 217 247 549852 357928
a 217 248 409544 409544
a 218 247 504660 138511
a 218 248 982456 282839
a 218 249 927865 390627
a 219 248 18068 18068
a 219 249 306077 108110
a 219 250 849648 210646
a 220 249 936002 666256
a 220 250 892675 0
a 220 251 509787 134391
a 221 250 488747 289290
a 221 251 746000 83437
a 221 252 728798 439941
a 222 251 934769 934769
a 222 252 37461 37461
a 222 253 204712 204712
a 223 252 433245 433245
a 223 253 220337 220337
a 223 254 261372 261372
a 224 253 888077 781711
a 224 254 585246 585246
a 224 255 497841 0
a 225 254 233852 233852
a 225 255 60909 0
a 225 256 310182 0
a 226 255 858796 814660
a 226 256 711310 0
a 226 257 651422 0
a 227 256 996670 689654
a 227 257 418572 418572
a 227 258 717625 156811
a 228 257 406213 406213
a 228 258 439583 439583
a 228 259 700080 345379
a 229 258 334077 334077
a 229 259 457650 457650
a 229 260 522508 522508
a 230 259 183725 131476
a 230 260 393652 393652
a 230 261 415182 415182
a 231 260 209863 209863
a 231 261 398750 398750
a 231 262 677534 593136
a 232 261 938660 0
a 232 262 333518 0
a 232 263 714994 554985
a 233 262 143371 143371
a 233 263 283114 283114
a 233 264 451683 451683
a 234 263 921094 381210
a 234 264 171191 171191
a 234 265 36928 36928
a 235 264 418934 418934
a 235 265 921394 75064
a 235 266 614189 145656
a 236 265 729116 348183
a 236 266 780189 723649
a 236 267 325498 185927
a 237 266 896889 250857
a 237 267 776858 215541
a 237 268 260421 106389
a 238 267 614514 557330
a 238 268 183071 183071
a 238 269 700003 518963
a 239 268 830945 764064
a 239 269 33499 33499
a 239 270 674005 674005
a 240 269 353453 260491
a 240 270 733575 733575
a 240 271 67656 67656
a 241 270 284986 225566
a 241 271 943437 23880
a 241 242 982757 619693
a 242 301 962519 250264
a 242 272 398448 398448
a 242 273 832626 832626
a 243 272 193865 193865
a 243 273 58170 58170
a 243 274 115740 115740
a 244 273 645547 351854
a 244 274 979264 766019
a 244 275 803282 569805
a 245 274 198826 198826
a 245 275 398197 398197
a 245 276 724675 178791
a 246 275 813014 813014
a 246 276 643664 344083
a 246 277 21215 0
a 247 276 138511 138511
a 247 277 56905 56905
a 247 278 314425 314425
a 248 277 915283 157537
a 248 278 671418 539067
a 248 279 13847 13847
a 249 278 615286 615286
a 249 279 502362 502362
a 249 280 47345 47345
a 250 279 289290 289290
a 250 280 372166 0
a 250 281 780920 210646
a 251 280 873297 317291
a 251 281 657152 594598
a 251 282 240708 240708
a 252 281 856053 290523
a 252 282 619670 417111
a 252 283 639156 203013
a 253 282 688678 204712
a 253 283 813534 707269
a 253 284 697325 294779
a 254 283 320769 143367
a 254 284 975432 744163
a 254 285 192940 192940
a 255 284 640402 640402
a 255 285 174258 174258
a 255 286 107489 0
a 256 285 365076 365076
a 256 286 987271 324578
a 256 287 751152 0
a 257 286 902643 188964
a 257 287 642134 635821
a 257 288 324408 0
a 258 287 217067 217067
a 258 288 557416 33934
a 258 289 995825 679470
a 259 288 230913 230913
a 259 289 689053 689053
a 259 290 14539 14539
a 260 289 794609 0
a 260 290 978342 739319
a 260 291 386704 386704
a 261 290 91880 0
a 261 291 851638 770077
a 261 292 43855 43855
a 262 291 332588 332588
a 262 292 224042 224042
a 262 293 179877 179877
a 263 292 488095 0
a 263 293 429072 225899
a 263 294 993410 993410
a 264 293 701771 430657
a 264 294 266192 170683
a 264 295 968842 440468
a 265 294 894711 423247
a 265 295 906594 0
a 265 296 659451 36928
a 266 295 2199 2199
a 266 296 788021 471242
a 266 297 646721 646721
a 267 296 269702 269702
a 267 297 690663 0
a 267 298 805206 689096
a 268 297 594110 266821
a 268 298 424081 424081
a 268 299 362622 362622
a 269 298 106286 106286
a 269 299 654993 654993
a 269 300 51674 51674
a 270 299 637176 637176
a 270 300 449602 449602
a 270 301 546368 546368
a 271 300 23880 23880
a 271 301 57833 0
a 271 272 914357 359118
a 272 331 584086 0
a 272 302 390420 296680
a 272 303 654751 654751
a 273 302 763962 763962
a 273 303 394866 394866
a 273 304 83822 83822
a 274 303 273724 273724
a 274 304 96637 10890
a 274 305 866365 795971
a 275 304 758917 758917
a 275 305 507699 507699
a 275 306 772958 514400
a 276 305 418367 418367
a 276 306 509897 243018
a 276 307 560979 0
a 277 306 65087 65087
a 277 307 295950 0
a 277 308 767993 149355
a 278 307 870293 870293
a 278 308 406411 406411
a 278 309 192074 192074
a 279 308 749266 278955
a 279 309 512697 512697
a 279 310 363418 13847
a 280 309 317291 317291
a 280 310 149872 0
a 280 311 329371 47345
a 281 310 863658 255069
a 281 311 690103 607536
a 281 312 387204 233162
a 282 311 294367 294367
a 282 312 274189 274189
a 282 313 293975 293975
a 283 312 949117 949117
a 283 313 38150 38150
a 283 314 688841 66382
a 284 313 549290 549290
a 284 314 828225 828225
a 284 315 301829 301829
a 285 314 415654 0
a 285 315 587141 0
a 285 316 809527 732274
a 286 315 188612 188612
a 286 316 5507 5507
a 286 317 319423 319423
a 287 316 265942 265942
a 287 317 586946 586946
a 287 318 131724 0
a 288 317 33934 33934
a 288 318 457238 145204
a 288 319 538135 85709
a 289 318 742359 516744
a 289 319 722855 284596
a 289 320 567183 567183
a 290 319 105777 0
a 290 320 556497 36804
a 290 321 717054 717054
a 291 320 435147 150465
a 291 321 420155 420155
a 291 322 923509 918749
a 292 321 338702 0
a 292 322 230873 70200
a 292 323 197697 197697
a 293 322 632677 476567
a 293 323 179989 179989
a 293 324 752198 179877
a 294 323 837869 468892
a 294 324 729278 538025
a 294 325 580423 580423
a 295 324 139697 139697
a 295 325 144931 144931
a 295 326 167563 158039
a 296 325 949223 440174
a 296 326 849894 0
a 296 327 689422 337698
a 297 326 784997 521340
a 297 327 115835 115835
a 297 328 276367 276367
a 298 327 916720 369090
a 298 328 666121 624297
a 298 329 249956 226076
a 299 328 971206 273502
a 299 329 408479 408479
a 299 330 972810 972810
a 300 329 538388 23880
a 300 330 30607 0
a 300 331 529306 501276
a 301 330 771794 0
a 301 331 465754 330820
a 301 302 465812 465812
a 302 361 695302 695302
a 302 332 320807 320807
a 302 333 696684 510345
a 303 332 892998 566401
a 303 333 469835 370303
a 303 334 393024 386637
a 304 333 161547 161547
a 304 334 307703 307703
a 304 335 638653 384379
a 305 334 741969 509042
a 305 335 447399 447399
a 305 336 783584 765596
a 306 335 425884 425884
a 306 336 396621 396621
a 306 337 149829 0
a 307 336 115305 115305
a 307 337 181617 120063
a 307 338 782016 634925
a 308 337 391671 105399
a 308 338 614689 281186
a 308 339 448136 448136
a 309 338 641626 181609
a 309 339 585894 405398
a 309 340 856614 435055
a 310 339 130787 130787
a 310 340 124282 124282
a 310 341 887221 13847
a 311 340 176444 176444
a 311 341 412427 227928
a 311 342 869326 544876
a 312 341 642256 642256
a 312 342 107728 107728
a 312 343 706484 706484
a 313 342 855291 704371
a 313 343 725 725
a 313 344 176319 176319
a 314 343 248315 248315
a 314 344 162271 162271
a 314 345 484021 484021
a 315 344 886967 0
a 315 345 420592 0
a 315 346 931420 490441
a 316 345 186902 0
a 316 346 362827 159331
a 316 347 844392 844392
a 317 346 336731 0
a 317 347 478131 397942
a 317 348 542361 542361
a 318 347 118746 118746
a 318 348 386153 386153
a 318 349 157049 157049
a 319 348 83233 83233
a 319 349 27778 27778
a 319 350 259294 259294
a 320 349 456198 4760
a 320 350 674916 366117
a 320 351 383575 383575
a 321 350 343418 0
a 321 351 851359 824856
a 321 352 312353 312353
a 322 351 729095 551822
a 322 352 493614 493614
a 322 353 420080 420080
a 323 352 951931 0
a 323 353 865257 108220
a 323 354 937156 738358
a 324 353 128249 128249
a 324 354 113571 113571
a 324 355 615779 615779
a 325 354 612269 612269
a 325 355 516889 516889
a 325 356 36370 36370
a 326 355 60040 60040
a 326 356 220143 220143
a 326 357 399196 399196
a 327 356 904432 464989
a 327 357 73225 73225
a 327 358 393678 284409
a 328 357 446792 223000
a 328 358 708322 708322
a 328 359 779830 242844
a 329 358 120192 0
a 329 359 791554 431496
a 329 360 323959 226939
a 330 359 379485 0
a 330 360 247751 0
a 330 361 998874 972810
a 331 360 279412 0
a 331 361 107521 38143
a 331 332 850232 793953
a 332 391 591764 591764
a 332 362 352967 229199
a 332 363 860198 860198
a 333 362 11844 11844
a 333 363 304897 304897
a 333 364 725454 725454
a 334 363 948999 414861
a 334 364 433145 433145
a 334 365 355376 355376
a 335 364 564777 484654
a 335 365 561766 384392
a 335 366 388616 388616
a 336 365 117498 95157
a 336 366 621805 573607
a 336 367 608758 608758
a 337 366 33045 33045
a 337 367 42588 42588
a 337 368 681982 149829
a 338 367 426722 426722
a 338 368 489379 280695
a 338 369 390303 390303
a 339 368 206551 206551
a 339 369 609570 609570
a 339 370 698208 168200
a 340 369 46861 46861
a 340 370 505407 253865
a 340 371 945959 435055
a 341 370 45734 45734
a 341 371 784818 784818
a 341 372 53479 53479
a 342 371 412318 412318
a 342 372 376581 376581
a 342 373 922797 568076
a 343 372 788867 339406
a 343 373 388424 388424
a 343 374 227694 227694
a 344 373 30672 0
a 344 374 853775 161400
a 344 375 177190 177190
a 345 374 386047 0
a 345 375 934903 0
a 345 376 738955 484021
a 346 375 291014 0
a 346 376 52401 0
a 346 377 877112 649772
a 347 376 899772 355936
a 347 377 85445 85445
a 347 378 919699 919699
a 348 377 98105 0
a 348 378 512167 246526
a 348 379 925430 765221
a 349 378 4760 4760
a 349 379 235069 133476
a 349 380 51351 51351
a 350 379 702967 0
a 350 380 281930 68654
a 350 381 556757 556757
a 351 380 648925 574664
a 351 381 844015 844015
a 351 382 341574 341574
a 352 381 218755 0
a 352 382 256332 87812
a 352 383 718155 718155
a 353 382 141552 94122
a 353 383 45198 0
a 353 384 622930 562427
a 354 383 885597 745036
a 354 384 75869 75869
a 354 385 993056 643293
a 355 384 62786 62786
a 355 385 978267 264749
a 355 386 927959 865173
a 356 385 801741 108058
a 356 386 785633 324509
a 356 387 980359 288935
a 357 386 678852 92858
a 357 387 685404 536760
a 357 388 65803 65803
a 358 387 598550 598550
a 358 388 299860 299860
a 358 389 94321 94321
a 359 388 40331 40331
a 359 389 304619 304619
a 359 390 329390 329390
a 360 389 91682 91682
a 360 390 7586 7586
a 360 391 127671 127671
a 361 390 648438 648438
a 361 391 172862 172862
a 361 362 971685 884955
a 362 421 506364 506364
a 362 392 391617 391617
a 362 393 228017 228017
a 363 392 740870 740870
a 363 393 49520 49520
a 363 394 789566 789566
a 364 393 880151 880151
a 364 394 935116 381315
a 364 395 381787 381787
a 365 394 873207 294533
a 365 395 997901 0
a 365 396 876405 540392
a 366 395 801165 62949
a 366 396 315993 270282
a 366 397 662037 662037
a 367 396 781523 735817
a 367 397 994844 114304
a 367 398 863792 227947
a 368 397 363677 363677
a 368 398 109746 109746
a 368 399 163652 163652
a 369 398 974350 675628
a 369 399 666428 371106
a 369 400 468270 0
a 370 399 303739 303739
a 370 400 758109 0
a 370 401 992207 164060
a 371 400 947761 887527
a 371 401 922899 579595
a 371 402 165069 165069
a 372 401 919445 267167
a 372 402 429262 429262
a 372 403 73037 73037
a 373 402 147461 147461
a 373 403 170131 170131
a 373 404 638908 638908
a 374 403 453379 0
a 374 404 50281 48525
a 374 405 574023 340569
a 375 404 835165 0
a 375 405 439839 88915
a 375 406 88275 88275
a 376 405 227921 194686
a 376 406 241003 241003
a 376 407 404268 404268
a 377 406 889958 0
a 377 407 538877 0
a 377 408 915463 735217
a 378 407 753749 752079
a 378 408 418906 418906
a 378 409 541560 0
a 379 408 433752 433752
a 379 409 393255 393255
a 379 410 724340 71690
a 380 409 418374 212221
a 380 410 213345 0
a 380 411 482448 482448
a 381 410 926932 834321
a 381 411 161105 161105
a 381 412 405346 405346
a 382 411 92000 92000
a 382 412 80549 80549
a 382 413 350959 350959
a 383 412 681388 681388
a 383 413 744362 744362
a 383 414 37441 37441
a 384 413 320295 182825
a 384 414 714092 0
a 384 415 604074 518257
a 385 414 894317 422932
a 385 415 549256 549256
a 385 416 43912 43912
a 386 415 498944 354581
a 386 416 293528 126692
a 386 417 801267 801267
a 387 416 419563 384265
a 387 417 183485 183485
a 387 418 856495 856495
a 388 417 851377 0
a 388 418 453586 130594
a 388 419 275400 275400
a 389 418 909289 0
a 389 419 403689 305616
a 389 420 185006 185006
a 390 419 633628 40035
a 390 420 822062 547029
a 390 421 398350 398350
a 391 420 632427 279603
a 391 421 748994 536888
a 391 392 75806 75806
a 392 451 554125 414861
a 392 422 357345 120725
a 392 423 672707 672707
a 393 422 905083 747675
a 393 423 38733 38733
a 393 424 417068 371280
a 394 423 458876 458876
a 394 424 875379 875379
a 394 425 131159 131159
a 395 424 62949 62949
a 395 425 286048 185021
a 395 426 196766 196766
a 396 425 623212 536865
a 396 426 784991 519333
a 396 427 490293 490293
a 397 426 424478 424478
a 397 427 720905 525410
a 397 428 190130 190130
a 398 427 280973 280973
a 398 428 572281 572281
a 398 429 160067 160067
a 399 428 72724 72724
a 399 429 997921 765773
a 399 430 563755 0
a 400 429 257730 257730
a 400 430 631548 243980
a 400 431 385817 385817
a 401 430 172431 172431
a 401 431 263975 263975
a 401 432 651162 574416
a 402 431 248237 46483
a 402 432 818099 170451
a 402 433 524858 524858
a 403 432 437295 0
a 403 433 239533 229321
a 403 434 79942 13847
a 404 433 370714 6026
a 404 434 698408 654624
a 404 435 955321 26783
a 405 434 18224 18224
a 405 435 277708 24833
a 405 436 757720 581113
a 406 435 214989 0
a 406 436 900920 13723
a 406 437 542710 315555
a 407 436 221633 0
a 407 437 841749 376381
a 407 438 779966 779966
a 408 437 928114 781471
a 408 438 639073 639073
a 408 439 868598 167331
a 409 438 88180 88180
a 409 439 711797 517296
a 409 440 866519 0
a 410 439 651935 651935
a 410 440 485878 239658
a 410 441 14418 14418
a 411 440 554103 0
a 411 441 658308 481401
a 411 442 278392 254152
a 412 441 721616 721616
a 412 442 422896 422896
a 412 443 612842 22771
a 413 442 246473 246473
a 413 443 860190 662946
a 413 444 368727 368727
a 414 443 842767 42354
a 414 444 230903 155647
a 414 445 583486 262372
a 415 444 798087 560900
a 415 445 765478 0
a 415 446 861194 861194
a 416 445 555806 0
a 416 446 980466 276404
a 416 447 278465 278465
a 417 446 614867 146088
a 417 447 718451 718451
a 417 448 120213 120213
a 418 447 911184 64887
a 418 448 646564 646564
a 418 449 275638 275638
a 419 448 779781 40035
a 419 449 251096 0
a 419 450 987434 581016
a 420 449 646299 567120
a 420 450 903030 66756
a 420 451 989663 377762
a 421 450 660717 8765
a 421 451 973484 784867
a 421 422 647970 647970
a 422 481 455460 455460
a 422 452 695099 473692
a 422 453 587218 587218
a 423 452 584654 135846
a 423 453 457923 206557
a 423 454 963759 827913
a 424 453 953380 416394
a 424 454 300689 300689
a 424 455 711014 592525
a 425 454 536865 536865
a 425 455 615127 0
a 425 456 476491 316180
a 426 455 914410 446158
a 426 456 687284 488037
a 426 457 973309 206382
a 427 456 192874 192874
a 427 457 818502 818502
a 427 458 691759 285300
a 428 457 313087 273845
a 428 458 729685 0
a 428 459 854674 561290
a 429 458 588724 568335
a 429 459 509466 509466
a 429 460 105769 105769
a 430 459 92509 92509
a 430 460 155764 155764
a 430 461 525150 168138
a 431 460 82171 82171
a 431 461 332832 115471
a 431 462 498633 498633
a 432 461 246492 246492
a 432 462 304644 304644
a 432 463 193731 193731
a 433 462 350061 0
a 433 463 889297 592199
a 433 464 168006 168006
a 434 463 313820 313820
a 434 464 359028 359028
a 434 465 468694 13847
a 435 464 24833 24833
a 435 465 412244 0
a 435 466 83821 26783
a 436 465 501323 400150
a 436 466 326654 194686
a 436 467 771104 0
a 437 466 474631 421478
a 437 467 519527 462323
a 437 468 589606 589606
a 438 467 682741 511523
a 438 468 348965 348965
a 438 469 835642 646731
a 439 468 537415 537415
a 439 469 454040 454040
a 439 470 345107 345107
a 440 469 159535 159535
a 440 470 62900 62900
a 440 471 17223 17223
a 441 470 684685 580347
a 441 471 661422 403500
a 441 472 350054 233588
a 442 471 699669 82716
a 442 472 907914 186108
a 442 473 654697 654697
a 443 472 409752 409752
a 443 473 257974 257974
a 443 474 60345 60345
a 444 473 577757 577757
a 444 474 88145 88145
a 444 475 419372 419372
a 445 474 46450 46450
a 445 475 112977 112977
a 445 476 347968 102945
a 446 475 646622 396648
a 446 476 614300 212417
a 446 477 674621 674621
a 447 476 934078 262374
a 447 477 88930 88930
a 447 478 710499 710499
a 448 477 40035 40035
a 448 478 771671 190961
a 448 479 575816 575816
a 449 478 875676 567120
a 449 479 825437 245783
a 449 480 29855 29855
a 450 479 737135 75521
a 450 480 501323 0
a 450 481 609107 581016
a 451 480 754357 604603
a 451 481 702359 702359
a 451 452 270528 270528
a 452 511 620762 208241
a 452 482 402028 219820
a 452 483 694793 452005
a 453 482 791811 412919
a 453 483 328131 328131
a 453 484 469119 469119
a 454 483 852155 740062
a 454 484 905887 905887
a 454 485 557263 19518
a 455 484 787879 383403
a 455 485 468688 468688
a 455 486 186592 186592
a 456 485 135846 135846
a 456 486 631662 75692
a 456 487 800891 785553
a 457 486 326818 326818
a 457 487 565739 565739
a 457 488 406172 406172
a 458 487 37316 37316
a 458 488 122125 122125
a 458 489 694194 694194
a 459 488 613131 613131
a 459 489 514152 514152
a 459 490 35982 35982
a 460 489 159338 0
a 460 490 251286 0
a 460 491 537305 343704
a 461 490 284796 284796
a 461 491 5642 5642
a 461 492 239663 239663
a 462 491 555323 18831
a 462 492 626404 626404
a 462 493 158042 158042
a 463 492 766468 0
a 463 493 934566 613578
a 463 494 486172 486172
a 464 493 751938 0
a 464 494 786720 338783
a 464 495 908410 213084
a 465 494 309200 309200
a 465 495 90950 90950
a 465 496 377098 13847
a 466 495 495791 495791
a 466 496 743147 138397
a 466 497 8759 8759
a 467 496 813033 813033
a 467 497 69964 69964
a 467 498 90849 90849
a 468 497 735557 675396
a 468 498 623632 623632
a 468 499 729325 176958
a 469 498 429750 429750
a 469 499 753114 587080
a 469 500 243476 243476
a 470 499 465732 74474
a 470 500 912451 547860
a 470 501 494762 366020
a 471 500 3036 3036
a 471 501 197246 0
a 471 502 500403 500403
a 472 501 759050 0
a 472 502 268921 268921
a 472 503 643158 560527
a 473 502 917092 631141
a 473 503 551740 551740
a 473 504 577723 307547
a 474 503 403263 194940
a 474 504 303677 0
a 474 505 880795 0
a 475 504 311673 311673
a 475 505 129228 129228
a 475 506 488096 488096
a 476 505 205122 205122
a 476 506 141371 141371
a 476 507 231243 231243
a 477 506 730232 485036
a 477 507 954403 318550
a 477 508 817558 0
a 478 507 337432 337432
a 478 508 689959 689959
a 478 509 441189 441189
a 479 508 66756 66756
a 479 509 636061 636061
a 479 510 194303 194303
a 480 509 310231 310231
a 480 510 101792 85766
a 480 511 623105 238461
a 481 510 804992 760991
a 481 511 621179 157493
a 481 482 820351 820351
a 482 541 821747 630959
a 482 512 380228 216508
a 482 513 605623 605623
a 483 512 981256 732393
a 483 513 813671 630443
a 483 514 157362 157362
a 484 513 75331 47733
a 484 514 733286 733286
a 484 515 977390 977390
a 485 514 472477 472477
a 485 515 44958 44958
a 485 516 106617 106617
a 486 515 960572 102763
a 486 516 766431 238352
a 486 517 247987 247987
a 487 516 191814 191814
a 487 517 496662 478052
a 487 518 718742 718742
a 488 517 9372 0
a 488 518 834093 363033
a 488 519 925052 778395
a 489 518 966912 2435
a 489 519 900848 644799
a 489 520 561112 561112
a 490 519 161214 21894
a 490 520 727430 119629
a 490 521 179255 179255
a 491 520 784319 0
a 491 521 532422 51392
a 491 522 316785 316785
a 492 521 121021 0
a 492 522 870520 652702
a 492 523 213365 213365
a 493 522 242995 0
a 493 523 851775 744585
a 493 524 27035 27035
a 494 523 916708 633890
a 494 524 443457 309200
a 494 525 760320 191065
a 495 524 894097 130602
a 495 525 915933 347594
a 495 526 321629 321629
a 496 525 713 713
a 496 526 876505 876505
a 496 527 88059 88059
a 497 526 765052 0
a 497 527 584670 312000
a 497 528 584720 442119
a 498 527 483793 483793
a 498 528 110393 110393
a 498 529 935164 550045
a 499 528 408844 408844
a 499 529 77305 77305
a 499 530 352363 352363
a 500 529 486308 365180
a 500 530 754870 349399
a 500 531 79793 79793
a 501 530 181914 181914
a 501 531 55540 55540
a 501 532 128566 128566
a 502 531 498699 498699
a 502 532 176560 176560
a 502 533 999085 725206
a 503 532 712063 199900
a 503 533 935906 827687
a 503 534 367211 279620
a 504 533 255449 0
a 504 534 852613 562376
a 504 535 327020 56844
a 505 534 15769 15769
a 505 535 746709 286338
a 505 536 242952 32243
a 506 535 853749 513852
a 506 536 747422 600651
a 506 537 119456 0
a 507 536 941808 427443
a 507 537 512473 459782
a 507 538 220478 0
a 508 537 42879 42879
a 508 538 512617 512617
a 508 539 330870 201219
a 509 538 494395 494395
a 509 539 437812 143959
a 509 540 924526 749127
a 510 539 846757 846757
a 510 540 924119 0
a 510 541 679396 194303
a 511 540 926549 432700
a 511 541 622385 0
a 511 512 734935 171495
a 512 571 571466 571466
a 512 542 121083 121083
a 512 543 427847 427847
a 513 542 570550 570550
a 513 543 349497 349497
a 513 544 363752 363752
a 514 543 454113 454113
a 514 544 604945 350472
a 514 545 732717 558540
a 515 544 781132 508621
a 515 545 137065 137065
a 515 546 479425 479425
a 516 545 540435 269446
a 516 546 990814 0
a 516 547 743198 267337
a 517 546 659891 21396
a 517 547 448973 448973
a 517 548 255670 255670
a 518 547 396720 307721
a 518 548 491851 491851
a 518 549 284638 284638
a 519 548 243941 243941
a 519 549 986245 670921
a 519 550 722450 530226
a 520 549 168467 168467
a 520 550 349354 349354
a 520 551 162920 162920
a 521 550 364214 0
a 521 551 275902 96294
a 521 552 785304 134353
a 522 551 615500 299359
a 522 552 847368 381811
a 522 553 422738 288317
a 523 552 559698 497601
a 523 553 934269 749867
a 523 554 772234 344372
a 524 553 439802 439802
a 524 554 904733 0
a 524 555 377179 27035
a 525 554 172518 160797
a 525 555 202216 187510
a 525 556 514243 191065
a 526 555 651942 434265
a 526 556 742651 742461
a 526 557 21408 21408
a 527 556 395140 0
a 527 557 918893 413472
a 527 558 470380 470380
a 528 557 167161 167161
a 528 558 315612 315612
a 528 559 478583 478583
a 529 558 451799 451799
a 529 559 75904 75904
a 529 560 464827 464827
a 530 559 690600 308774
a 530 560 244370 244370
a 530 561 330532 330532
a 531 560 369871 369871
a 531 561 124935 79886
a 531 562 606434 184275
a 532 561 155175 0
a 532 562 740435 376460
a 532 563 970153 128566
a 533 562 577912 577912
a 533 563 816484 554208
a 533 564 420773 420773
a 534 563 866498 0
a 534 564 256285 171613
a 534 565 841858 686152
a 535 564 243676 243676
a 535 565 428802 52933
a 535 566 560425 560425
a 536 565 274270 171700
a 536 566 597096 597096
a 536 567 303075 291541
a 537 566 295678 271824
a 537 567 992235 0
a 537 568 738319 230837
a 538 567 282409 282409
a 538 568 675747 442698
a 538 569 570282 281905
a 539 568 760991 760991
a 539 569 643897 0
a 539 570 646186 430944
a 540 569 742170 440424
a 540 570 334496 334496
a 540 571 406907 406907
a 541 570 72701 72701
a 541 571 220719 220719
a 541 542 531842 531842
a 542 601 195486 195486
a 542 572 375893 239361
a 542 573 788628 788628
a 543 572 681990 565342
a 543 573 470156 470156
a 543 574 605111 195959
a 544 573 102763 102763
a 544 574 336653 258686
a 544 575 861396 861396
a 545 574 460972 61822
a 545 575 96680 96680
a 545 576 806549 806549
a 546 575 21396 21396
a 546 576 370950 75781
a 546 577 403644 403644
a 547 576 840823 450211
a 547 577 182979 182979
a 547 578 395878 390841
a 548 577 579141 579141
a 548 578 465387 180590
a 548 579 587977 231731
a 549 578 149423 149423
a 549 579 742730 742730
a 549 580 231873 231873
a 550 579 311960 311960
a 550 580 484899 484899
a 550 581 82721 82721
a 551 580 718866 395653
a 551 581 557599 0
a 551 582 303439 162920
a 552 581 767059 708346
a 552 582 269437 269437
a 552 583 195683 35982
a 553 582 555686 555686
a 553 583 951426 740110
a 553 584 182190 182190
a 554 583 160797 160797
a 554 584 570540 309177
a 554 585 35195 35195
a 555 584 538544 485425
a 555 585 31511 31511
a 555 586 131874 131874
a 556 585 345092 345092
a 556 586 569259 569259
a 556 587 19175 19175
a 557 586 748736 82631
a 557 587 410081 314816
a 557 588 718505 204594
a 558 587 660965 90877
a 558 588 505573 505573
a 558 589 700244 641341
a 559 588 248941 248941
a 559 589 171347 171347
a 559 590 442973 442973
a 560 589 997166 121525
a 560 590 483306 436490
a 560 591 927871 521053
a 561 590 79886 79886
a 561 591 718524 328711
a 561 592 1821 1821
a 562 591 383324 381808
a 562 592 485582 485582
a 562 593 271257 271257
a 563 592 95358 95358
a 563 593 41268 41268
a 563 594 739035 546148
a 564 593 277547 277547
a 564 594 718416 248941
a 564 595 309574 309574
a 565 594 312741 312741
a 565 595 256959 256959
a 565 596 341085 341085
a 566 595 444615 419032
a 566 596 602050 583618
a 566 597 426695 426695
a 567 596 980141 23175
a 567 597 867137 0
a 567 598 836775 550775
a 568 597 698646 659005
a 568 598 528102 528102
a 568 599 858699 247419
a 569 598 398889 398889
a 569 599 293394 293394
a 569 600 30046 30046
a 570 599 841861 517879
a 570 600 290559 290559
a 570 601 29703 29703
a 571 600 286083 286083
a 571 601 886796 409530
a 571 572 748226 503479
a 572 631 804255 804255
a 572 602 270119 270119
a 572 603 233808 233808
a 573 602 591864 205832
a 573 603 881828 704472
a 573 604 791427 451243
a 574 603 330898 330898
a 574 604 159375 159375
a 574 605 26194 26194
a 575 604 640471 564389
a 575 605 472115 391834
a 575 606 283152 23249
a 576 605 497907 497907
a 576 606 433081 433081
a 576 607 401553 401553
a 577 606 924601 795654
a 577 607 929574 101420
a 577 608 268690 268690
a 578 607 761375 263140
a 578 608 144571 144571
a 578 609 313143 313143
a 579 608 136426 136426
a 579 609 543459 543459
a 579 610 606536 606536
a 580 609 166471 166471
a 580 610 901671 532507
a 580 611 413447 413447
a 581 610 196173 196173
a 581 611 704105 512173
a 581 612 300242 82721
a 582 611 944399 591861
a 582 612 508359 309469
a 582 613 86713 86713
a 583 612 694558 694558
a 583 613 100222 100222
a 583 614 968540 142109
a 584 613 2336 2336
a 584 614 431119 330190
a 584 615 644266 644266
a 585 614 28529 0
a 585 615 71590 0
a 585 616 632733 411798
a 586 615 828032 115751
a 586 616 85848 85848
a 586 617 582165 582165
a 587 616 229584 229584
a 587 617 10449 10449
a 587 618 511738 184835
a 588 617 14625 14625
a 588 618 288175 288175
a 588 619 656308 656308
a 589 618 327767 62622
a 589 619 424600 155473
a 589 620 716118 716118
a 590 619 450655 363877
a 590 620 591070 152499
a 590 621 617788 442973
a 591 620 380453 380453
a 591 621 787243 529227
a 591 622 321892 321892
a 592 621 680694 0
a 592 622 247993 236158
a 592 623 346603 346603
a 593 622 283758 0
a 593 623 458902 11399
a 593 624 963176 578673
a 594 623 252298 252298
a 594 624 461237 461237
a 594 625 394295 394295
a 595 624 412915 412915
a 595 625 6117 6117
a 595 626 982236 566533
a 596 625 45647 45647
a 596 626 834148 834148
a 596 627 68083 68083
a 597 626 627812 446538
a 597 627 580083 560631
a 597 628 78531 78531
a 598 627 139549 0
a 598 628 594708 594708
a 598 629 883058 883058
a 599 628 312209 312209
a 599 629 438826 438826
a 599 630 307657 307657
a 600 629 28326 28326
a 600 630 889480 286083
a 600 631 898727 292279
a 601 630 162466 162466
a 601 631 269932 269932
a 601 602 202321 202321
a 602 661 709 709
a 602 632 466978 466978
a 602 633 966665 210585
a 603 632 347311 347311
a 603 633 750735 599002
a 603 634 425566 322865
a 604 633 826839 252469
a 604 634 519384 519384
a 604 635 403154 403154
a 605 634 221133 221133
a 605 635 932299 285532
a 605 636 409270 409270
a 606 635 719720 364831
a 606 636 977945 138782
a 606 637 759769 748371
a 607 636 304154 304154
a 607 637 122108 122108
a 607 638 339851 339851
a 608 637 899037 0
a 608 638 261657 158168
a 608 639 934558 391519
a 609 638 782094 682776
a 609 639 90217 90217
a 609 640 373384 250080
a 610 639 89750 23981
a 610 640 634894 532020
a 610 641 779215 779215
a 611 640 504828 504828
a 611 641 797359 447154
a 611 642 565499 565499
a 612 641 223500 223500
a 612 642 314420 314420
a 612 643 548828 548828
a 613 642 190164 0
a 613 643 178082 0
a 613 644 299562 189271
a 614 643 132081 132081
a 614 644 4920 4920
a 614 645 335298 335298
a 615 644 51586 0
a 615 645 742404 492421
a 615 646 267596 267596
a 616 645 460855 104737
a 616 646 462123 126644
a 616 647 761892 495849
a 617 646 736975 10449
a 617 647 766277 0
a 617 648 884000 596790
a 618 647 76826 76826
a 618 648 665313 439631
a 618 649 662008 19175
a 619 648 527735 459676
a 619 649 447406 447406
a 619 650 268576 268576
a 620 649 417470 292656
a 620 650 53507 53507
a 620 651 903469 902907
a 621 650 196685 196685
a 621 651 558335 558335
a 621 652 217180 217180
a 622 651 278535 0
a 622 652 781834 26451
a 622 653 531599 531599
a 623 652 827362 278938
a 623 653 488350 1883
a 623 654 709680 329479
a 624 653 643275 643275
a 624 654 620430 364505
a 624 655 714600 445045
a 625 654 978572 267539
a 625 655 672016 0
a 625 656 457003 178520
a 626 655 762519 762519
a 626 656 649222 649222
a 626 657 435478 435478
a 627 656 40763 40763
a 627 657 386197 386197
a 627 658 201754 201754
a 628 657 441114 437113
a 628 658 979374 534599
a 628 659 383418 13736
a 629 658 619473 619473
a 629 659 507108 507108
a 629 660 347175 223629
a 630 659 888048 627373
a 630 660 924578 70248
a 630 661 400681 58585
a 631 660 791516 524797
a 631 661 637614 590404
a 631 632 475367 251265
a 632 691 525047 525047
a 632 662 916148 417661
a 632 663 257201 122846
a 633 662 56645 56645
a 633 663 743509 743509
a 633 664 261902 261902
a 634 663 282677 282677
a 634 664 386783 78293
a 634 665 882331 702412
a 635 664 513628 513628
a 635 665 881707 469191
a 635 666 70698 70698
a 636 665 486982 241483
a 636 666 644225 126905
a 636 667 719920 483818
a 637 666 922459 46672
a 637 667 201339 201339
a 637 668 622468 622468
a 638 667 640564 0
a 638 668 642452 636063
a 638 669 601841 544732
a 639 668 23981 23981
a 639 669 261924 7646
a 639 670 625300 474090
a 640 669 887507 426944
a 640 670 666323 425867
a 640 671 549877 434117
a 641 670 804540 804540
a 641 671 457839 457839
a 641 672 187490 187490
a 642 671 279906 0
a 642 672 499237 259930
a 642 673 619989 619989
a 643 672 53458 0
a 643 673 555882 0
a 643 674 879849 680909
a 644 673 315359 0
a 644 674 838558 0
a 644 675 266632 194191
a 645 674 714042 187368
a 645 675 868537 80398
a 645 676 664690 664690
a 646 675 784739 137093
a 646 676 355518 0
a 646 677 825266 267596
a 647 676 504658 268093
a 647 677 277977 277977
a 647 678 26605 26605
a 648 677 643477 392149
a 648 678 918540 918540
a 648 679 185408 185408
a 649 678 245317 245317
a 649 679 458873 458873
a 649 680 447332 55047
a 650 679 386969 53507
a 650 680 862731 351607
a 650 681 113654 113654
a 651 680 936845 706128
a 651 681 667270 667270
a 651 682 87844 87844
a 652 681 640687 278938
a 652 682 947176 26451
a 652 683 587081 217180
a 653 682 777027 711315
a 653 683 516985 247352
a 653 684 659314 218090
a 654 683 656876 656876
a 654 684 832344 290424
a 654 685 14223 14223
a 655 684 923507 661179
a 655 685 546385 546385
a 655 686 882759 0
a 656 685 104548 104548
a 656 686 847475 763957
a 656 687 238276 0
a 657 686 929813 437113
a 657 687 868485 789071
a 657 688 32604 32604
a 658 687 472769 462773
a 658 688 511961 511961
a 658 689 467496 381092
a 659 688 658177 431867
a 659 689 273630 273630
a 659 690 442720 442720
a 660 689 621860 471499
a 660 690 660598 41725
a 660 691 305450 305450
a 661 690 735513 101877
a 661 691 113794 113794
a 661 662 972720 434027
a 662 721 339709 339709
a 662 692 754480 568624
a 662 693 436247 0
a 663 692 443141 443141
a 663 693 531507 531507
a 663 694 469583 174384
a 664 693 618806 363515
a 664 694 188382 188382
a 664 695 301926 301926
a 665 694 633028 633028
a 665 695 628240 628240
a 665 696 364662 151818
a 666 695 32138 32138
a 666 696 249139 0
a 666 697 212137 212137
a 667 696 786765 425585
a 667 697 178951 178951
a 667 698 80621 80621
a 668 697 819369 521859
a 668 698 651720 651720
a 668 699 108933 108933
a 669 698 286864 286864
a 669 699 309896 309896
a 669 700 382562 382562
a 670 699 729583 729583
a 670 700 931755 931755
a 670 701 43159 43159
a 671 700 551384 551384
a 671 701 183619 183619
a 671 702 156953 156953
a 672 701 40455 0
a 672 702 39679 19636
a 672 703 427784 427784
a 673 702 993053 0
a 673 703 482819 144347
a 673 704 475642 475642
a 674 703 462636 187368
a 674 704 617976 500534
a 674 705 180375 180375
a 675 704 764561 137093
a 675 705 251003 0
a 675 706 324966 274589
a 676 705 645575 75029
a 676 706 799492 283650
a 676 707 574104 574104
a 677 706 374063 156767
a 677 707 586257 201365
a 677 708 753055 579590
a 678 707 971035 90376
a 678 708 405625 405625
a 678 709 921126 694461
a 679 708 79967 0
a 679 709 208840 0
a 679 710 747373 697788
a 680 709 462529 462529
a 680 710 454774 454774
a 680 711 195479 195479
a 681 710 22039 22039
a 681 711 522509 256899
a 681 712 895449 780924
a 682 711 695343 695343
a 682 712 562964 42423
a 682 713 935128 87844
a 683 712 123127 123127
a 683 713 556016 400402
a 683 714 934298 597879
a 684 713 598768 598768
a 684 714 18651 18651
a 684 715 552274 552274
a 685 714 779143 45964
a 685 715 299564 299564
a 685 716 319628 319628
a 686 715 620460 620460
a 686 716 461490 461490
a 686 717 119120 119120
a 687 716 194564 194564
a 687 717 835552 835552
a 687 718 221728 221728
a 688 717 463970 26142
a 688 718 806586 806586
a 688 719 143704 143704
a 689 718 385095 385095
a 689 719 402904 0
a 689 720 868895 741126
a 690 719 648819 899
a 690 720 381784 261755
a 690 721 323668 323668
a 691 720 844297 281948
a 691 721 403823 403823
a 691 692 362528 258520
a 692 751 739745 711763
a 692 722 99165 99165
a 692 723 925491 459357
a 693 722 191224 191224
a 693 723 222291 222291
a 693 724 481507 481507
a 694 723 641874 641874
a 694 724 337411 337411
a 694 725 16509 16509
a 695 724 710499 63441
a 695 725 632905 632905
a 695 726 832424 265958
a 696 725 30126 30126
a 696 726 253364 253364
a 696 727 293913 293913
a 697 726 665597 617686
a 697 727 964279 165797
a 697 728 129464 129464
a 698 727 403676 138556
a 698 728 428248 428248
a 698 729 452401 452401
a 699 728 547379 447061
a 699 729 329694 329694
a 699 730 371657 371657
a 700 729 416273 133749
a 700 730 978512 978512
a 700 731 753440 753440
a 701 730 256292 0
a 701 731 339160 69516
a 701 732 157262 157262
a 702 731 618820 0
a 702 732 595257 0
a 702 733 772779 176589
a 703 732 544310 187368
a 703 733 302832 60710
a 703 734 511421 511421
a 704 733 542168 76728
a 704 734 944705 279749
a 704 735 848831 756792
a 705 734 75029 75029
a 705 735 655203 0
a 705 736 998087 180375
a 706 735 907452 0
a 706 736 201681 156767
a 706 737 767803 558239
a 707 736 201365 201365
a 707 737 867277 90376
a 707 738 732081 574104
a 708 737 847180 77297
a 708 738 270953 231237
a 708 739 676681 676681
a 709 738 815933 815933
a 709 739 334683 334683
a 709 740 6374 6374
a 710 739 187589 187589
a 710 740 750956 731343
a 710 741 501238 255669
a 711 740 941028 500198
a 711 741 523599 0
a 711 742 840397 647523
a 712 741 614642 368403
a 712 742 142418 142418
a 712 743 435653 435653
a 713 742 387420 387420
a 713 743 203080 203080
a 713 744 738485 496514
a 714 743 415192 415192
a 714 744 261599 47761
a 714 745 199541 199541
a 715 744 780375 280927
a 715 745 336627 336627
a 715 746 854744 854744
a 716 745 778461 215251
a 716 746 760431 760431
a 716 747 56424 0
a 717 746 62615 62615
a 717 747 478147 478147
a 717 748 440052 440052
a 718 747 794696 794696
a 718 748 325326 30097
a 718 749 711004 588616
a 719 748 987728 899
a 719 749 657610 98017
a 719 750 45687 45687
a 720 749 994101 610285
a 720 750 361550 361550
a 720 751 312994 312994
a 721 750 495338 428656
a 721 751 302578 0
a 721 722 836592 638544
a 722 781 852087 0
a 722 752 433571 433571
a 722 753 495362 495362
a 723 752 287739 287739
a 723 753 337342 337342
a 723 754 698441 698441
a 724 753 542575 0
a 724 754 752533 0
a 724 755 960039 882359
a 725 754 258468 0
a 725 755 532907 306057
a 725 756 813018 373483
a 726 755 113211 113211
a 726 756 827720 827720
a 726 757 573448 196077
a 727 756 169634 169634
a 727 757 890334 377038
a 727 758 51594 51594
a 728 757 126037 0
a 728 758 201381 111502
a 728 759 893271 893271
a 729 758 837041 175855
a 729 759 189108 189108
a 729 760 550881 550881
a 730 759 399079 0
a 730 760 699561 437739
a 730 761 912430 912430
a 731 760 228424 0
a 731 761 194898 91597
a 731 762 731359 731359
a 732 761 581367 140384
a 732 762 46984 46984
a 732 763 681281 157262
a 733 762 76728 76728
a 733 763 851075 218677
a 733 764 18622 18622
a 734 763 775168 126209
a 734 764 910001 452483
a 734 765 287507 287507
a 735 764 251559 251559
a 735 765 168468 168468
a 735 766 336765 336765
a 736 765 64576 64576
a 736 766 798030 1284
a 736 767 680836 472647
a 737 766 154375 154375
a 737 767 484015 484015
a 737 768 87522 87522
a 738 767 722320 722320
a 738 768 610052 610052
a 738 769 288902 288902
a 739 768 615590 305903
a 739 769 963444 0
a 739 770 994362 893050
a 740 769 682822 181471
a 740 770 362522 362522
a 740 771 693922 693922
a 741 770 111604 111604
a 741 771 107297 107297
a 741 772 405171 405171
a 742 771 359314 359314
a 742 772 688663 397719
a 742 773 968507 420328
a 743 772 40595 0
a 743 773 765391 717992
a 743 774 335933 335933
a 744 773 575568 575568
a 744 774 56910 3701
a 744 775 245933 245933
a 745 774 379426 0
a 745 775 824820 459273
a 745 776 930753 292146
a 746 775 716191 716191
a 746 776 405747 232817
a 746 777 728782 728782
a 747 776 913378 712722
a 747 777 560121 560121
a 747 778 212797 0
a 748 777 899 899
a 748 778 282440 130949
a 748 779 339200 339200
a 749 778 806153 579893
a 749 779 414382 414382
a 749 780 302643 302643
a 750 779 800514 301878
a 750 780 613555 460109
a 750 781 181516 73906
a 751 780 10787 10787
a 751 781 725158 725158
a 751 752 288812 288812
a 752 811 932309 431824
a 752 782 84472 84472
a 752 783 493826 493826
a 753 782 900815 0
a 753 783 641418 57136
a 753 784 775568 775568
a 754 783 236747 0
a 754 784 733337 0
a 754 785 832478 698441
a 755 784 999032 531567
a 755 785 112763 112763
a 755 786 657297 657297
a 756 785 446136 446136
a 756 786 345305 345305
a 756 787 579396 579396
a 757 786 174917 174917
a 757 787 258682 258682
a 757 788 139516 139516
a 758 787 904065 0
a 758 788 775933 117610
a 758 789 938308 221341
a 759 788 243264 213338
a 759 789 582085 0
a 759 790 869041 869041
a 760 789 545906 0
a 760 790 898950 506025
a 760 791 482595 482595
a 761 790 243773 0
a 761 791 909736 615022
a 761 792 724105 529389
a 762 791 532584 171747
a 762 792 358396 358396
a 762 793 324928 324928
a 763 792 26410 0
a 763 793 259211 0
a 763 794 966345 502148
a 764 793 801977 494322
a 764 794 12309 12309
a 764 795 216033 216033
a 765 794 150806 64576
a 765 795 527692 127180
a 765 796 328795 328795
a 766 795 324455 1284
a 766 796 973827 300689
a 766 797 190451 190451
a 767 796 903850 439656
a 767 797 665096 273841
a 767 798 965485 965485
a 768 797 559717 0
a 768 798 569160 305903
a 768 799 741417 697574
a 769 798 14376 14376
a 769 799 328776 0
a 769 800 839853 455997
a 770 799 883416 237341
a 770 800 391033 391033
a 770 801 738802 738802
a 771 800 882363 360838
a 771 801 634806 634806
a 771 802 164889 164889
a 772 801 606467 25060
a 772 802 683741 683741
a 772 803 523284 94089
a 773 802 931394 931394
a 773 803 710150 0
a 773 804 782494 782494
a 774 803 414090 0
a 774 804 28479 28479
a 774 805 311155 311155
a 775 804 630122 0
a 775 805 695636 597562
a 775 806 838846 823835
a 776 805 475269 475269
a 776 806 20090 20090
a 776 807 812673 742326
a 777 806 665719 452151
a 777 807 440291 359883
a 777 808 477768 477768
a 778 807 147555 147555
a 778 808 8 8
a 778 809 563279 563279
a 779 808 405323 287495
a 779 809 14383 14383
a 779 810 892054 753582
a 780 809 245175 245175
a 780 810 414151 245277
a 780 811 283087 283087
a 781 810 983976 68307
a 781 811 296513 296513
a 781 782 434244 434244
a 782 841 148864 0
a 782 812 902979 400732
a 782 813 117984 117984
a 783 812 672148 0
a 783 813 350724 206476
a 783 814 344486 344486
a 784 813 970993 273598
a 784 814 764813 660573
a 784 815 372964 372964
a 785 814 282147 277455
a 785 815 394934 394934
a 785 816 584951 584951
a 786 815 637345 185924
a 786 816 386554 386554
a 786 817 605041 605041
a 787 816 450017 224122
a 787 817 52273 52273
a 787 818 561683 561683
a 788 817 444136 0
a 788 818 716179 0
a 788 819 561690 470464
a 789 818 7414 7414
a 789 819 121502 121502
a 789 820 92425 92425
a 790 819 899468 501815
a 790 820 366676 366676
a 790 821 506575 506575
a 791 820 698906 120959
a 791 821 350652 345318
a 791 822 803087 803087
a 792 821 649501 649501
a 792 822 15867 15867
a 792 823 222417 222417
a 793 822 767484 41744
a 793 823 204366 204366
a 793 824 573140 573140
a 794 823 111969 65722
a 794 824 175359 175359
a 794 825 337952 337952
a 795 824 1284 1284
a 795 825 973857 93976
a 795 826 249237 249237
a 796 825 586235 433349
a 796 826 611201 0
a 796 827 635791 635791
a 797 826 707627 198660
a 797 827 61217 61217
a 797 828 204415 204415
a 798 827 269309 74928
a 798 828 505352 365171
a 798 829 920593 845665
a 799 828 347351 347351
a 799 829 29118 29118
a 799 830 558446 558446
a 800 829 956127 224743
a 800 830 444937 136947
a 800 831 925122 846178
a 801 830 462701 462701
a 801 831 143842 143842
a 801 832 792125 792125
a 802 831 782139 330492
a 802 832 793342 641541
a 802 833 807991 807991
a 803 832 4555 4555
a 803 833 77177 77177
a 803 834 12357 12357
a 804 833 94046 0
a 804 834 705498 106906
a 804 835 704067 704067
a 805 834 948349 32861
a 805 835 706781 673202
a 805 836 677923 677923
a 806 835 197585 197585
a 806 836 809367 809367
a 806 837 289124 289124
a 807 836 349727 349727
a 807 837 33345 33345
a 807 838 866692 866692
a 808 837 70493 0
a 808 838 819006 0
a 808 839 888396 765271
a 809 838 507438 0
a 809 839 682708 0
a 809 840 917513 822837
a 810 839 65883 65883
a 810 840 638834 638834
a 810 841 362449 362449
a 811 840 507356 370896
a 811 841 617886 617886
a 811 812 22642 22642
a 812 871 299480 0
a 812 842 400024 91039
a 812 843 332335 332335
a 813 842 623823 0
a 813 843 920930 188547
a 813 844 409511 409511
a 814 843 636179 636179
a 814 844 14975 14975
a 814 845 631360 631360
a 815 844 856597 0
a 815 845 963323 99329
a 815 846 854493 854493
a 816 845 534519 0
a 816 846 677259 531768
a 816 847 663859 663859
a 817 846 339994 0
a 817 847 543338 443758
a 817 848 213556 213556
a 818 847 723038 0
a 818 848 613830 20184
a 818 849 548913 548913
a 819 848 611433 224542
a 819 849 637619 637619
a 819 850 231620 231620
a 820 849 45297 0
a 820 850 219854 120959
a 820 851 870453 459101
a 821 850 407745 407745
a 821 851 727209 727209
a 821 852 488338 366440
a 822 851 946738 455985
a 822 852 26689 0
a 822 853 404713 404713
a 823 852 795424 0
a 823 853 166863 166863
a 823 854 325642 325642
a 824 853 721286 0
a 824 854 319393 0
a 824 855 856968 749783
a 825 854 352646 352646
a 825 855 175989 175989
a 825 856 336642 336642
a 826 855 207138 207138
a 826 856 226859 226859
a 826 857 13900 13900
a 827 856 387348 131494
a 827 857 566853 566853
a 827 858 73589 73589
a 828 857 600903 307638
a 828 858 289890 289890
a 828 859 687419 319409
a 829 858 149815 149815
a 829 859 417674 108322
a 829 860 841389 841389
a 830 859 897786 633882
a 830 860 462970 462970
a 830 861 61242 61242
a 831 860 284590 144995
a 831 861 387066 387066
a 831 862 788451 788451
a 832 861 772927 772927
a 832 862 333803 333803
a 832 863 331491 331491
a 833 862 693991 0
a 833 863 645578 386815
a 833 864 498353 498353
a 834 863 19632 0
a 834 864 366863 0
a 834 865 817745 152124
a 835 864 392951 392951
a 835 865 719508 719508
a 835 866 510085 462395
a 836 865 729592 436161
a 836 866 926645 663913
a 836 867 736943 736943
a 837 866 259844 0
a 837 867 313993 18674
a 837 868 303795 303795
a 838 867 333432 325409
a 838 868 431247 431247
a 838 869 110036 110036
a 839 868 537202 206031
a 839 869 97414 97414
a 839 870 527709 527709
a 840 869 378591 0
a 840 870 995199 841889
a 840 871 990678 990678
a 841 870 439832 0
a 841 871 279789 86240
a 841 842 894095 894095
a 842 901 744634 0
a 842 872 569067 240885
a 842 873 744249 744249
a 843 872 592476 504177
a 843 873 263058 263058
a 843 874 389826 389826
a 844 873 90828 0
a 844 874 799041 0
a 844 875 756689 424486
a 845 874 424924 62501
a 845 875 191992 191992
a 845 876 476196 476196
a 846 875 935008 29133
a 846 876 437935 437935
a 846 877 919193 919193
a 847 876 671951 0
a 847 877 697778 358080
a 847 878 749537 749537
a 848 877 492097 246289
a 848 878 31210 31210
a 848 879 180783 180783
a 849 878 602133 0
a 849 879 568411 391984
a 849 880 794548 794548
a 850 879 646193 0
a 850 880 947001 0
a 850 881 789747 760324
a 851 880 153223 153223
a 851 881 903185 903185
a 851 882 585887 585887
a 852 881 47317 47317
a 852 882 164170 164170
a 852 883 154953 154953
a 853 882 791566 0
a 853 883 756646 0
a 853 884 934362 571576
a 854 883 697743 64708
a 854 884 363825 363825
a 854 885 249755 249755
a 855 884 454431 0
a 855 885 305101 174812
a 855 886 958098 958098
a 856 885 446979 58855
a 856 886 240108 240108
a 856 887 396032 396032
a 857 886 366171 366171
a 857 887 428410 428410
a 857 888 93810 93810
a 858 887 632059 0
a 858 888 436859 388275
a 858 889 125019 125019
a 859 888 812841 812841
a 859 889 38991 38991
a 859 890 209781 209781
a 860 889 607389 607389
a 860 890 685183 685183
a 860 891 156782 156782
a 861 890 913487 290160
a 861 891 354757 354757
a 861 892 576318 576318
a 862 891 15725 0
a 862 892 402074 381767
a 862 893 740487 740487
a 863 892 687029 0
a 863 893 709991 704822
a 863 894 13484 13484
a 864 893 621391 106262
a 864 894 407733 407733
a 864 895 377309 377309
a 865 894 387497 246868
a 865 895 378516 378516
a 865 896 682409 682409
a 866 895 345594 345594
a 866 896 341846 341846
a 866 897 438868 438868
a 867 896 741625 473028
a 867 897 224368 224368
a 867 898 383630 383630
a 868 897 835434 0
a 868 898 856426 120585
a 868 899 820488 820488
a 869 898 476804 0
a 869 899 185618 0
a 869 900 375830 207450
a 870 899 686585 482876
a 870 900 309358 309358
a 870 901 577364 577364
a 871 900 359718 0
a 871 901 222844 144797
a 871 872 932121 932121
a 872 902 3000000 1677183
a 873 902 3000000 1007307
a 874 902 3000000 452327
a 875 902 3000000 645611
a 876 902 3000000 914131
a 877 902 3000000 1523562
a 878 902 3000000 780747
a 879 902 3000000 572767
a 880 902 3000000 947771
a 881 902 3000000 1710826
a 882 902 3000000 750057
a 883 902 3000000 219661
a 884 902 3000000 935401
a 885 902 3000000 483422
a 886 902 3000000 1564377
a 887 902 3000000 824442
a 888 902 3000000 1294926
a 889 902 3000000 771399
a 890 902 3000000 1185124
a 891 902 3000000 511539
a 892 902 3000000 958085
a 893 902 3000000 1551571
a 894 902 3000000 668085
a 895 902 3000000 1101419
a 896 902 3000000 1497283
a 897 902 3000000 663236
a 898 902 3000000 504215
a 899 902 3000000 1303364
a 900 902 3000000 516808
a 901 902 3000000 722161
c flot maximum
s 28258807
